scalar		1		17967659.43	1550148619.00	27852542452076800	1.00	1.00
scalar		2		9034295.47	787201476.00	7111810728604110.00	1.99	3.92
scalar		4		4811887.35	412364667.00	1984252324724260.00	3.73	14.04
scalar		6		3217908.05	281291821.00	905171215195059.00	5.58	30.77
scalar		8		2425379.53	215819821.00	523444976021664.00	7.41	53.21
scalar		16		1240534.77	117918583.00	146282102240631.00	14.48	190.40
scalar		32		648996.35	69975102.00		45413585788877.70	27.69	613.31
scalar		64		359060.76	46495669.00		16694770247848.40	50.04	1668.34
scalar		128		365345.36	49888178.00		18226414351154.10	49.18	1528.14
scalar		256		401044.46	54738019.00		21952379271324.70	44.80	1268.77
scalar_two	1		7195354.01	621991389.00	4475448235026620.00	2.50	6.22
scalar_two	2		3668737.52	320207371.00	1174756796168260.00	4.90	23.71
scalar_two	4		1974213.32	169265375.00	334165957939795.00	9.10	83.35
scalar_two	6		1409052.12	123725758.00	174336041608507.00	12.75	159.76
scalar_two	8		1069674.31	94906800.00		101519365804308.00	16.80	274.36
scalar_two	16		618892.88	58306003.00		36085170117958.60	29.03	771.86
scalar_two	32		394880.00	41378739.00		16339636456320.00	45.50	1704.60
scalar_two	64		289402.68	35748260.00		10345642249336.80	62.09	2692.20
scalar_two	128		261870.60	34623447.00		9066862839958.20	68.61	3071.91
scalar_two	256		455094.24	63629231.00		28957296523729.40	39.48	961.85
avx_two		1		503331.86	43517528.00		21903758310842.10	35.70	1271.59
avx_two		2		290438.44	25258541.00		7336051244716.04	61.86	3796.67
avx_two		4		185895.30	16012654.00		2976677119126.20	96.65	9356.92
avx_two		6		141791.90	12188506.00		1728231423901.40	126.72	16116.21
avx_two		8		125955.56	10885715.00		1371116328825.40	142.65	20313.77
avx_two		16		115186.74	9947972.00		1145874464291.28	155.99	24306.80
avx_two		32		102387.49	8842641.00		905375816961.09		175.49	30763.51
avx_two		64		94108.27	8125532.00		764679759349.64		190.93	36423.80
avx_two		128		129496.36	14257837.00		1846337992973.32	138.75	15085.29
avx_two		256		175703.12	20109445.00		3533292227968.40	102.26	7882.89
